>> A = [1 3 10 6];
>> wave(A,2)
ans =

   5  -1  -3   2

>> unwave(ans,2)
ans =

    1    3   10    6
