>> B = [2 4 5 5]
B =

   2   4   5   5

>> wave(B,1)
ans =

   3  -1   5   0

>> wave(B,2)
ans =

   4  -1  -1   0
